				   		Greedy				    BFS
		MAP	NDCG	     MAP   Rep-MAP    NDCG       	   MAP	    Rep-MAP     NDCG   
	
BM25	      0.1067	0.4601		
RM3	      0.1411	0.4931

DCT	      0.2192	0.7006	   0.1544  0.1444     0.5082		  0.2050    0.1922      0.6540
QE_{BERT}     0.2199	0.7015	   0.1444  0.1382     0.4848		  0.2065    0.1852      0.6760

ANCE	      0.1836	0.6537	   0.1454  0.1393     0.5511		  0.1723    0.1744      0.6049
CBERT	      0.2182	0.6934     0.1506  0.1429     0.5057		  0.2064    0.1846      0.6474
MonoT5        0.2184	0.7300     0.1470  0.1502     0.5355		  0.1920    0.1972      0.6623

	
		    BM25(Q)	 	RM3		  	Greedy			BFS
		JAC	 RBO	    JAC	     RBO	JAC	RBO     Rep-RBO	   JAC	    RBO	   Rep-RBO

DCT	       0.1883   0.1173	   0.1694   0.0956     0.3140   0.2207 	 0.2170	  0.5194   0.4946  0.4055
QE_{BERT}      0.1621   0.1144 	   0.1420   0.0916     0.2956   0.2213   0.2208   0.5111   0.5015  0.4107

ANCE	       0.1501   0.0952	   0.1256   0.0753     0.3106   0.2239   0.1982   0.4993   0.4969  0.3815
CBERT          0.1641   0.1155     0.1442   0.0907     0.2974   0.2230   0.2093   0.5046   0.4888  0.4012
MonoT5         0.1835   0.1120     0.1715   0.0970     0.3041   0.2224   0.2473   0.5327   0.5194  0.4215


